35  -559023410
1  0
69  23
2  -559023410
34  0
35  -559023410
34  1
35  -559023410
34  2
33  1
33  1
5  -559023410
1  4
33  0
33  2
5  -559023410
5  -559023410
4  -559023410
1  0
65  27
67  31
69  54
2  -559023410
2  -559023410
1  -1
0  -559023410
2  -559023410
2  -559023410
1  0
0  -559023410
2  -559023410
7  -559023410
34  3
1  2
1  0
33  1
4  -559023410
33  3
3  -559023410
1  2
6  -559023410
33  0
6  -559023410
1  0
33  1
4  -559023410
33  3
4  -559023410
1  2
6  -559023410
33  0
6  -559023410
0  -559023410
2  -559023410
2  -559023410
1  2
1	0
33	1
4	-559023410
1	2
6	-559023410
33	0
6	-559023410
34	4
33	4
33	4
0	-559023410